c Writting  only changes from running emmekit.xlsm in 05/09/2015 22:15:49
t lines
d 'JU004B' 
a'JU004B' e  6  02.00  14.00 'TANJUNG PRIUK - KOTA' 0.00  0  14 
  path=no   18652       dwt=+0.01   18596   18599   18590   15983
    15992   15989   15988   15997   16003   16002   16001   16000
    16006   16495   17950   17949   17948   16593   16539   16559
    16562   16565   16568   16571   16574   16575   16576   16577
    16578   16579   12244   12245   12232   14760   14758   14759
    16540   18029   16483   12215   12214   12216   12217   12212
    12213   12207   14782   18068   lay=5
d 'JU004F' 
a'JU004F' e  6  02.00  14.00 'KOTA - TANJUNG PRIUK' 0.00  0  14 
  path=no   18068   14782   12207       dwt=+0.01   12213   12212
    12217   12216   12214   12215   16483   18029   16540   14759
    14758   14760   12232   12245   12244   16579   16578   16577
    16576   16575   16574   16571   16568   16565   16562   16559
    16539   16593   17948   17949   17950   16495   16006   16000
    16001   16002   16003   15997   15988   15989   15992   15983
    18590   18599   18596   18652   lay=5
d 'MK008B' 
a'MK008B' e  6  00.50  14.00 'TANAH ABANG - KOTA' 0.00  0  14 
  path=no   10737       dwt=+0.01   10626   10624   10625   10618
    11975   11976   11977   17805   17821   11925   11926   11929
    11932   11921   14779   14786   14789   14792   14783   14782
    18068   lay=5
d 'MK008F' 
a'MK008F' e  6  01.40  14.00 'KOTA - TANAH ABANG' 0.00  0  14 
  path=no       dwt=+0.01   18068   14782   14783   14792   14789
    14786   14779   11921   11932   11929   11926   11925   11938
    11937   14797   14800   14810   14804   14805   10617   10619
    10618   10625   10624   10626   10737   10738   10744   lay=5
d 'MK012B' 
a'MK012B' e  6  00.30  14.00 'SENEN - KOTA' 0.00  0  14 
  path=no   16633       dwt=+0.01   10676   10675   12161   12164
    16646   16613   14702   14712   14707   14706   14703   16661
    16662   16663   14777   14778   17826   11925   11926   11929
    11932   11921   14779   14786   14789   14792   14783   14782
    18068   lay=5
d 'MK012F' 
a'MK012F' e  6  00.30  14.00 'KOTA - SENEN' 0.00  0  14 
  path=no       dwt=+0.01   18068   14782   14783   14792   14789
    14786   14779   11921   11932   11929   11926   11925   17826
    14778   14777   16663   16662   16661   14703   14706   14707
    14712   14702   16613   16627   16630   16633   lay=5
d 'MK014B' 
d 'MK014F' 
d 'MK039B' 
a'MK039B' e  6  01.50  14.00 'SENEN - KOTA' 0.00  0  14 
  path=no   11883       dwt=+0.01   11884   11889   11896   11893
    11892   11902   11901   14733   14739   14738   14769   14766
    14763   14735   16480   16486   16483   12215   12214   12216
    12217   12212   12213   12207   14782   18068   lay=5
d 'MK039F' 
a'MK039F' e  6  01.50  14.00 'KOTA - SENEN' 0.00  0  14 
  path=no   18068   14782   12207       dwt=+0.01   12213   12212
    12217   12216   12214   12215   16483   16486   16480   14735
    14763   14766   14769   14738   14739   14733   11901   11907
    14703   14706   14707   14712   14702   16613   16627   16630
    16633   lay=5
d 'MK053B' 
a'MK053B' e  6  02.50  14.00 'PULOGADUNG - KOTA' 0.00  0  14 
  path=no   16073       dwt=+0.01   17926   17929   17932   17935
    17938   16057   16058   16043   16042   16046   16049   16052
    16034   16035   16038   16039   16040   16041   12310   12309
    12308   12305   12178   10682   10678   12170   12171   12285
    12284   16605   14720   14728   14727   14734   14733   14739
    14738   14769   14766   14763   14735   16480   16477   16474
    16471   16470   12212   12213   12207   lay=5
d 'MK053F' 
a'MK053F' e  6  02.30  14.00 'KOTA - PULOGADUNG' 0.00  0  14 
  path=no       dwt=+0.01   12207   12213   12212   16470   16471
    16474   16477   16480   14735   14763   14766   14769   14738
    14742   14741   14740   14721   14724   14727   14728   14720
    16605   12284   12285   12171   12170   10678   10682   12178
    12305   12308   12309   12310   16041   16040   16039   16038
    16035   16034   16052   16049   16046   16042   16043   16058
    16057   17938   17935   17932   17929   17926   16073   lay=5
